                                                                      [16,21,11,8,12,22]


            [16,21,11]                                                                                                            [8,12,22]

[16]                  [21,11]                                                                                               [8]         [12,22]

[16]       [21]      [11]                                                                                                  [8]      [12]      [22]
[11]   [16]   [21]                                                                                                          [8]      [12]      [22]                
sonuç=  "8,12,16,21,22,31"
Big-O: O(nlogn)
